[SPRITES]
3001000	294	101	302	115	300	spr-coin-0
3001001	311	101	312	115	300	spr-coin-1
3001002	321	101	325	115	300	spr-coin-2
3001003	334	100	348	116	300	spr-coin-3
3001004	357	100	363	116	300	spr-coin-4
3001005	372	100	382	116	300	spr-coin-5
3001201	311	101	312	115	300	spr-coin-1
3001202	321	101	325	115	300	spr-coin-2
3001203	334	100	348	116	300	spr-coin-3
3002206	156	121	172	137	300	spr-super-mushroom-0
3002218	180	123	196	137	300	spr-super-leaf-red-0
3003207	286	121	302	137	300	spr-1-up-mushroom-0
30030032	235	188	251	204	300	spr-empty-block-0
30031028	157	188	173	204	300	spr-question-block-0
30031029	176	188	192	204	300	spr-question-block-1
30031030	196	188	212	204	300	spr-question-block-2
30031031	215	188	231	204	300	spr-question-block-3
30032028	157	188	173	204	300	spr-question-block-0
30032029	176	188	192	204	300	spr-question-block-1
30032030	196	188	212	204	300	spr-question-block-2
30032031	215	188	231	204	300	spr-question-block-3
30040028	157	188	173	204	300	spr-question-block-0
30040029	176	188	192	204	300	spr-question-block-1
30040030	196	188	212	204	300	spr-question-block-2
30040031	215	188	231	204	300	spr-question-block-3

[ANIMATIONS]
#spr-coin-0
300100	3001000	100	3001001	100	3001002	100	3001003	100	3001004	100	3001005	100

#spr-coin-1
300120	3001201	100	3001202	100	3001203	100

#spr-super-mushroom-0
300220	3002206	100

#spr-super-leaf-red-0
300221	3002218	100

#spr-1-up-mushroom-0
300320	3003207	100

#spr-empty-block-0
400300	30030032	100

#spr-question-block-0
400310	30031028	150	30031029	150	30031030	150	30031031	150

#spr-question-block-0
400320	30032028	100	30032029	100	30032030	100	30032031	100

#spr-question-block-0
400400	30040028	100	30040029	100	30040030	100	30040031	100
